                0.01      -0.01254959006     -0.054913677638      0.013864248038
                0.02      -0.01254959006     -0.044409601968      0.015763589457
                0.03        0.0123374602      -0.01167881015      0.024124855304
                0.04        0.0123374602      -0.01167881015      0.024124855304
                0.05        0.0123374602      -0.01167881015      0.024124855304
                0.06        0.0123374602      -0.01167881015      0.024124855304
                0.07        0.0123374602      -0.01167881015      0.024124855304
                0.08        0.0123374602      -0.01167881015       0.02461466733
                0.09        0.0123374602    -0.0083120613798      0.038579840508
                 0.1        0.0123374602    -0.0083120613798      0.038579840508
                0.11        0.0123374602    -0.0074146185148      0.039284785931
                0.12       0.02612505049      0.012153188266      0.058087168887
                0.13       0.02612505049      0.012153188266      0.058087168887
                0.14       0.02612505049      0.013212630255      0.059409310923
                0.15       0.02612505049      0.021335864498      0.063338903945
                0.16       0.09557969604      0.022396368844      0.075970475701
                0.17       0.09557969604      0.022396368844      0.075970475701
                0.18       0.09557969604      0.029355960096      0.085389245768
                0.19       0.09557969604      0.029508344161      0.095579696043
                 0.2       0.09557969604      0.029508344161      0.095579696043
                0.21        0.1014730118      0.046217363551       0.12336739636
                0.22        0.1174749677      0.076851513658       0.13411848947
                0.23        0.1174749677      0.076851513658       0.13411848947
                0.24        0.1296617198       0.08325488541       0.13558070923
                0.25        0.1296617198      0.091481499964       0.13669829334
                0.26        0.1296617198      0.091481499964       0.13669829334
                0.27        0.1296617198      0.097754592282       0.14631400798
                0.28        0.1296617198       0.10562648013       0.15081924757
                0.29        0.1296617198       0.11033063468         0.173158096
                 0.3        0.1296617198       0.11033063468         0.173158096
                0.31        0.1296617198       0.12018682664       0.19607759331
                0.32         0.192651553       0.14344565557       0.21418095983
                0.33         0.192651553       0.14344565557       0.21418095983
                0.34         0.192651553       0.14838489214       0.21841569215
                0.35         0.192651553       0.16174931529       0.22889619584
                0.36         0.192651553       0.16174931529       0.22889619584
                0.37         0.192651553       0.17514805184       0.25746978398
                0.38        0.2402116426        0.1948592326       0.27146651833
                0.39        0.2402116426        0.1948592326       0.27146651833
                 0.4        0.2740589041       0.21894815372       0.29476015055
                0.41        0.2740589041       0.22552225441       0.30790240467
                0.42        0.2740589041       0.22552225441       0.30790240467
                0.43        0.2856047186       0.24970276553       0.32935397167
                0.44        0.2856047186       0.25201014769       0.33001137737
                0.45        0.2856047186       0.27601746093       0.34227426997
                0.46        0.2856047186       0.27601746093       0.34227426997
                0.47        0.2856047186       0.28389962602       0.34726543111
                0.48        0.3157955213       0.31324834507        0.3762636698
                0.49        0.3157955213       0.31324834507        0.3762636698
                 0.5        0.3157955213       0.31528291811       0.37757883677
                0.51        0.3225131965       0.32537946909       0.40753027118
                0.52        0.3225131965       0.32537946909       0.40753027118
                0.53        0.3798615079       0.35676439794       0.41388104402
                0.54        0.3798615079       0.35721718999       0.41730278481
                0.55        0.3798615079       0.35721718999       0.41730278481
                0.56        0.4364293843       0.36913092841       0.44783512075
                0.57        0.4407600187       0.42032977024       0.46970200396
                0.58        0.4407600187       0.42032977024       0.47416370862
                0.59        0.4407600187       0.42032977024       0.47416370862
                 0.6        0.5280012325       0.46433728632       0.52853244356
                0.61        0.5482302725       0.49585439974       0.56936129017
                0.62        0.5482302725       0.49585439974       0.56936129017
                0.63        0.5482302725       0.50317585084       0.58289807548
                0.64        0.5482302725       0.53067739452       0.60719660045
                0.65        0.5482302725       0.53067739452       0.60719660045
                0.66        0.5814883348       0.54845666382       0.60853879083
                0.67        0.5814883348       0.55851202401       0.61688390215
                0.68        0.5814883348       0.55851202401       0.61688390215
                0.69        0.5814883348       0.56082453944       0.62303765227
                 0.7        0.5940783142       0.58639259443       0.63488338381
                0.71        0.5940783142       0.58639259443       0.63488338381
                0.72        0.6085012905       0.58760427969       0.63959737888
                0.73        0.6514790114       0.64061154842       0.70164621572
                0.74        0.6759560316       0.64323009965       0.70164621572
                0.75        0.6759560316       0.64323009965       0.70164621572
                0.76        0.7150096492       0.68672798586       0.75399823868
                0.77        0.7150096492       0.70561656446       0.78254246623
                0.78        0.7150096492       0.70561656446       0.78254246623
                0.79        0.7934488555       0.76593892094       0.83862770248
                 0.8        0.7934488555       0.76937008264       0.84110004905
                0.81        0.7934488555       0.76937008264       0.84110004905
                0.82         0.802974221       0.77097739125        0.8503791886
                0.83        0.8520914157       0.81258619584       0.88443412362
                0.84        0.8520914157       0.81258619584       0.88443412362
                0.85        0.8622862711       0.84347591286       0.91935803614
                0.86         0.901520006       0.86804230897       0.95945841428
                0.87        0.9660236129        0.9331154236        1.0095883703
                0.88        0.9660236129        0.9331154236        1.0095883703
                0.89        0.9660236129       0.93901169426        1.0149747006
                 0.9         1.006284697       0.97587071575        1.0353135586
                0.91         1.006284697       0.97587071575        1.0353135586
                0.92         1.006284697       0.98130413651        1.0541065239
                0.93         1.062468381        1.0341935647        1.1175678678
                0.94         1.062468381        1.0341935647        1.1175678678
                0.95         1.062468381        1.0376363747        1.1482757665
                0.96         1.143060051        1.1001409021        1.1724816537
                0.97         1.143060051        1.1001409021        1.1724816537
                0.98         1.160957459         1.115779147        1.1761715686
                0.99         1.160957459        1.1207212889        1.2072190745
