                0.01     -0.012549590064
                0.02     -0.012549590064
                0.03      0.012337460198
                0.04      0.012337460198
                0.05      0.012337460198
                0.06      0.012337460198
                0.07      0.012337460198
                0.08      0.012337460198
                0.09      0.012337460198
                 0.1      0.012337460198
                0.11      0.012337460198
                0.12      0.026125050493
                0.13      0.026125050493
                0.14      0.026125050493
                0.15      0.026125050493
                0.16      0.095579696043
                0.17      0.095579696043
                0.18      0.095579696043
                0.19      0.095579696043
                 0.2      0.095579696043
                0.21       0.10147301179
                0.22       0.11747496768
                0.23       0.11747496768
                0.24       0.12966171976
                0.25       0.12966171976
                0.26       0.12966171976
                0.27       0.12966171976
                0.28       0.12966171976
                0.29       0.12966171976
                 0.3       0.12966171976
                0.31       0.12966171976
                0.32       0.19265155301
                0.33       0.19265155301
                0.34       0.19265155301
                0.35       0.19265155301
                0.36       0.19265155301
                0.37       0.19265155301
                0.38       0.24021164256
                0.39       0.24021164256
                 0.4       0.27405890413
                0.41       0.27405890413
                0.42       0.27405890413
                0.43        0.2856047186
                0.44        0.2856047186
                0.45        0.2856047186
                0.46        0.2856047186
                0.47        0.2856047186
                0.48       0.31579552132
                0.49       0.31579552132
                 0.5       0.31579552132
                0.51       0.32251319646
                0.52       0.32251319646
                0.53       0.37986150785
                0.54       0.37986150785
                0.55       0.37986150785
                0.56       0.43642938428
                0.57       0.44076001866
                0.58       0.44076001866
                0.59       0.44076001866
                 0.6       0.52800123246
                0.61       0.54823027245
                0.62       0.54823027245
                0.63       0.54823027245
                0.64       0.54823027245
                0.65       0.54823027245
                0.66       0.58148833484
                0.67       0.58148833484
                0.68       0.58148833484
                0.69       0.58148833484
                 0.7        0.5940783142
                0.71        0.5940783142
                0.72        0.6085012905
                0.73       0.65147901145
                0.74       0.67595603156
                0.75       0.67595603156
                0.76       0.71500964919
                0.77       0.71500964919
                0.78       0.71500964919
                0.79       0.79344885546
                 0.8       0.79344885546
                0.81       0.79344885546
                0.82       0.80297422098
                0.83       0.85209141569
                0.84       0.85209141569
                0.85       0.86228627112
                0.86       0.90152000599
                0.87       0.96602361294
                0.88       0.96602361294
                0.89       0.96602361294
                 0.9        1.0062846965
                0.91        1.0062846965
                0.92        1.0062846965
                0.93        1.0624683806
                0.94        1.0624683806
                0.95        1.0624683806
                0.96        1.1430600508
                0.97        1.1430600508
                0.98        1.1609574592
                0.99        1.1609574592
                   1                   0
