                0.01               0.137
                0.02               0.052
                0.03               0.048
                0.04               0.053
                0.05               0.039
                0.06               0.046
                0.07               0.036
                0.08               0.041
                0.09               0.047
                 0.1                0.04
                0.11               0.045
                0.12               0.039
                0.13               0.039
                0.14               0.042
                0.15               0.044
                0.16               0.043
                0.17               0.032
                0.18               0.034
                0.19               0.044
                 0.2               0.042
                0.21               0.036
                0.22               0.049
                0.23               0.051
                0.24               0.051
                0.25               0.043
                0.26               0.058
                0.27               0.053
                0.28               0.044
                0.29                0.06
                 0.3               0.048
                0.31               0.041
                0.32               0.055
                0.33                0.05
                0.34               0.031
                0.35               0.052
                0.36                0.05
                0.37               0.044
                0.38                0.05
                0.39               0.061
                 0.4               0.044
                0.41               0.064
                0.42               0.069
                0.43               0.047
                0.44                0.04
                0.45               0.065
                0.46                0.05
                0.47               0.046
                0.48               0.049
                0.49                0.05
                 0.5               0.032
                0.51               0.057
                0.52               0.071
                0.53               0.044
                0.54               0.048
                0.55                0.08
                0.56                0.06
                0.57               0.047
                0.58               0.072
                0.59               0.047
                 0.6               0.057
                0.61               0.075
                0.62               0.066
                0.63               0.057
                0.64               0.065
                0.65               0.067
                0.66               0.046
                0.67               0.058
                0.68                0.09
                0.69               0.059
                 0.7               0.056
                0.71               0.102
                0.72               0.055
                0.73               0.058
                0.74                0.08
                0.75               0.078
                0.76                0.05
                0.77               0.082
                0.78               0.064
                0.79               0.055
                 0.8               0.072
                0.81               0.088
                0.82               0.045
                0.83               0.066
                0.84                0.12
                0.85                0.06
                0.86               0.068
                0.87               0.107
                0.88               0.065
                0.89               0.057
                 0.9               0.091
                0.91               0.075
                0.92               0.061
                0.93               0.079
                0.94               0.108
                0.95               0.058
                0.96               0.073
                0.97                 0.1
                0.98               0.065
                0.99               0.094
