                0.01      -0.01364979112     -0.065626542237       0.10825825857
                0.02      -0.01344387771     -0.062651737682       0.10825825857
                0.03      -0.01294012492     -0.062147984892       0.10825825857
                0.04      -0.01213853275     -0.061346392717       0.10825825857
                0.05      -0.01103910119     -0.060246961155       0.10825825857
                0.06     -0.009641830239     -0.058849690208       0.10825825857
                0.07     -0.007946719906     -0.057537548239       0.10825825857
                0.08     -0.005953770187     -0.057537548239       0.10825825857
                0.09     -0.003662981082     -0.057537548239       0.10825825857
                 0.1     -0.001074352591      -0.05644363624       0.10825825857
                0.11      0.001812115286     -0.042658603925       0.10825825857
                0.12      0.004996422548     -0.039474296663       0.10825825857
                0.13      0.008478569197     -0.037675578421       0.10825825857
                0.14       0.01225855523     -0.033895592387       0.10825825857
                0.15       0.01633638065     -0.033895592387       0.10825825857
                0.16       0.02071204546     -0.033895592387       0.10825825857
                0.17       0.02538554965     -0.033895592387       0.10825825857
                0.18       0.03035689323     -0.033895592387       0.10825825857
                0.19       0.03562607619     -0.033895592387       0.10825825857
                 0.2       0.04119309854     -0.033895592387       0.10825825857
                0.21       0.04705796028     -0.033895592387       0.10825825857
                0.22        0.0532206614     -0.033895592387       0.10825825857
                0.23       0.05968120191     -0.033895592387       0.10825825857
                0.24        0.0664395818     -0.033895592387       0.10825825857
                0.25       0.07349580108     -0.032406653546       0.10825825857
                0.26       0.08084985975      0.020639585391       0.15539671185
                0.27        0.0885017578      0.020639585391        0.1584945028
                0.28       0.09645263191      0.024566592681       0.16644537691
                0.29        0.1047816441      0.024566592681       0.16644537691
                 0.3        0.1135351453      0.024566592681       0.16644537691
                0.31        0.1227089669      0.024566592681       0.16644537691
                0.32        0.1322967283      0.026523782842       0.17120912757
                0.33        0.1422888125      0.026523782842       0.17120912757
                0.34        0.1526714925      0.061579085032       0.21637490042
                0.35        0.1634263887       0.07233398125       0.22712979664
                0.36        0.1745325821      0.075712801583       0.23033541594
                0.37        0.1859708542      0.075712801583       0.23033541594
                0.38        0.1977231028      0.085976720647       0.23585211161
                0.39        0.2097707608       0.16899951939       0.31284105471
                 0.4        0.2220937189       0.16899951939       0.31284105471
                0.41        0.2346702398       0.18817287189       0.35768853733
                0.42        0.2474767576        0.2009793897       0.37049505514
                0.43        0.2604875643        0.2009793897       0.37138447448
                0.44        0.2736746573       0.20404690207       0.38457156743
                0.45        0.2870077213       0.21737996609       0.39790463145
                0.46         0.300454212       0.23082645679       0.41135112216
                0.47        0.3139797823       0.23082645679       0.41135112216
                0.48        0.3275511919       0.23082645679       0.41135112216
                0.49        0.3411391068       0.23548551877       0.41135112216
                 0.5         0.354720219       0.23802168042       0.41135112216
                0.51        0.3682768443       0.23802168042       0.41135112216
                0.52        0.3817948886       0.34530722449       0.48646125442
                0.53        0.3952619858       0.35059510622        0.4927302311
                0.54        0.4086678055       0.35059510622        0.4927302311
                0.55        0.4220065416       0.35059510622       0.50165764053
                0.56        0.4352788184       0.36713425753        0.5487050484
                0.57        0.4484923251       0.38034776429       0.56191855516
                0.58        0.4616601682       0.39351560735       0.57508639823
                0.59        0.4747985478       0.39351560735       0.57508639823
                 0.6        0.4879269743       0.39351560735       0.58558555587
                0.61        0.5010725475       0.39351560735       0.58862903975
                0.62        0.5142698043       0.40029783847       0.60182629662
                0.63        0.5275576257       0.50844692243       0.69066455514
                0.64         0.540977129       0.51039073761       0.69293193846
                0.65        0.5545680543        0.5239816629       0.70652286375
                0.66        0.5683649017        0.5239816629       0.70652286375
                0.67        0.5823942289        0.5239816629       0.70652286375
                0.68        0.5966765716        0.5239816629       0.70652286375
                0.69         0.611228005        0.5239816629       0.70652286375
                 0.7        0.6260620487        0.5239816629       0.70652286375
                0.71        0.6411913576        0.5239816629       0.70652286375
                0.72        0.6566266401        0.5239816629       0.70652286375
                0.73         0.672314622        0.5239816629       0.70652286375
                0.74        0.6881583419        0.5239816629       0.75620957656
                0.75        0.7041563971        0.5239816629       0.77220763173
                0.76        0.7203087875        0.5239816629       0.83518093594
                0.77        0.7366155132        0.5239816629       0.85148766168
                0.78        0.7530765743        0.5239816629       0.85148766168
                0.79        0.7696919706        0.5239816629        0.8537652213
                 0.8        0.7864617022        0.5239816629        0.9024921348
                0.81        0.8033857691        0.5239816629        0.9024921348
                0.82        0.8204641713        0.5239816629        0.9024921348
                0.83        0.8376969088        0.5239816629       0.92556886171
                0.84        0.8550839815        0.5239816629       0.92961555394
                0.85        0.8726253896        0.5239816629       0.94715696199
                0.86        0.8903211329        0.5239816629       0.96485270534
                0.87        0.9081712116       0.54638969499        1.0778644342
                0.88        0.9261756255       0.61883043539          1.10942424
                0.89        0.9443343747        0.6369891846        1.1275829892
                 0.9        0.9626474592        0.6553022691        1.1275829892
                0.91         0.981114879       0.67376968889        1.1275829892
                0.92        0.9997366341       0.69239144397        1.1275829892
                0.93         1.018512724       0.71116753434        1.1310160343
                0.94          1.03744315       0.75843894795         1.146800068
                0.95         1.056527911        0.7775237089         1.165884829
                0.96         1.075767007       0.83772408426        1.1750463765
                0.97         1.095160439       0.85711751579        1.1750463765
                0.98         1.114708206       0.88001550272        1.1750463765
                0.99         1.134410308       0.89971760482        1.1750463765
