       0.00803615573      0.037764157768
       0.01284422858     -0.062711777218
       0.01316833255     0.0033137824303
       0.01388870943       0.15316016949
       0.01407674329      0.042970052621
       0.02206776016     -0.006843986867
       0.02502262363    -0.0029902728162
       0.02859491958     -0.023508668274
       0.02988422799       0.18258996839
       0.06017225362     -0.096481584605
       0.06060894964      0.014631449627
       0.06334229848       0.11873283983
       0.07277352941     -0.065015277761
       0.07299485668      -0.07134961074
       0.07417865779      -0.02349008884
       0.08221280186      -0.14333023348
        0.1073465427      0.066354700072
        0.1095067574       0.15045927852
        0.1291341515     -0.017074650093
        0.1415840094       0.13995079602
        0.1500357441      0.072868858011
        0.1526276304      0.074345502549
        0.1545703104     0.0092479712688
        0.1860737946      0.065826821283
        0.2018048099      -0.12811811994
        0.2035124186     -0.055028786505
        0.2073723007     -0.001187698299
        0.2104893359      -0.10970490333
        0.2530860182       0.17200693306
        0.2544407465      0.069900897713
        0.2692683463       0.12809226067
        0.2865913354      0.083069194296
        0.2888062962      0.089034468097
        0.2902420595      0.061141755542
        0.2922349353      0.027119324207
        0.3215309235      0.071625973897
        0.3337917636        0.2096083734
        0.3501640215       0.11580838009
        0.3637726494      0.087562794779
        0.3804695861       0.28407494624
        0.3858604195        0.2890069405
        0.3902630592       0.37036384368
        0.3968668061       0.25643395659
        0.3972042372      0.074651632179
        0.4016621264       0.10757420266
        0.4025860431       0.53692907263
        0.4208394411       0.28638224492
        0.4628721062       0.35029069274
        0.4745725608       0.34823263882
        0.4796413583       0.28931744243
        0.4956971813       0.31137566301
        0.5012385567       0.33010732423
        0.5016063471       0.11585260205
        0.5040928081       0.21445774759
        0.5093981068       0.23709866026
        0.5123775312       0.14929116734
        0.5137543949       0.56039638379
        0.5147652334       0.33270954858
        0.5214410406         0.512688659
        0.5362638571       0.45999431096
        0.5397431645       0.28535999512
        0.5512988428       0.37804969556
        0.5523085834       0.62128125752
        0.5860698276       0.36866928477
        0.6058729687       0.44008448808
        0.6219970961       0.64942685143
        0.6360392156       0.65605500066
        0.6539867169       0.61358620205
        0.6577076772       0.59677717588
        0.6634119379       0.64391695448
        0.6716631872       0.60986755862
        0.6849999139       0.50796236344
        0.6996802972       0.48435494007
        0.7020639264       0.64354631639
        0.7033238883       0.52827062383
        0.7196085778       0.53164010003
        0.7385186811       0.66269919795
        0.7553958272       0.75201564596
        0.7788079621       0.70839789096
        0.7998146997       0.84597788144
        0.8096203433       0.77219901273
         0.815287526       0.77948076046
        0.8237055465       0.97401143685
        0.8276799082       0.82954600917
        0.8311671521       0.73289649802
        0.8625909639        0.9689065964
        0.8718070476        1.1274645772
         0.877302925        1.0321223672
        0.8972034044       0.93904289649
         0.903611392        1.0877037323
        0.9091880316       0.97287357924
         0.932395662        1.0601824184
        0.9552475061        1.1101849058
        0.9629383326        1.1333582738
        0.9699315034        1.0598879131
        0.9707577404        1.1696010073
        0.9711780301        1.1213904279
        0.9754035511        1.0971004301
        0.9891922151        1.0325531722
        0.9970343011        1.1093943308
