       0.01316833255     0.0033137824303
      0.013888709434     0.0060826735818
       0.10734654268      0.022328314129
       0.25308601824      0.087748850935
       0.33379176361       0.13765984942
       0.38046958614       0.23035092031
       0.40258604315       0.28812138691
       0.51375439493       0.42153309884
       0.55230858339       0.47667834346
       0.62199709613        0.5877640079
       0.73851868107       0.66269919795
       0.75539582725       0.73020676846
        0.7998146997       0.79921921821
       0.82370554654       0.84548464801
       0.86259096386        0.9689065964
       0.87180704763        1.0318414305
         0.932395662        1.0601824184
       0.95524750607        1.1011436976
       0.97075774037        1.1051612594
       0.99703430106        1.1093943308
