                0.01               0.072
                0.02               0.064
                0.03               0.061
                0.04               0.048
                0.05               0.042
                0.06               0.042
                0.07                0.04
                0.08               0.034
                0.09               0.034
                 0.1               0.029
                0.11               0.027
                0.12               0.027
                0.13               0.027
                0.14               0.025
                0.15               0.031
                0.16               0.026
                0.17               0.026
                0.18               0.027
                0.19               0.028
                 0.2               0.034
                0.21               0.038
                0.22               0.038
                0.23               0.042
                0.24               0.043
                0.25               0.044
                0.26               0.045
                0.27               0.038
                0.28               0.052
                0.29               0.051
                 0.3               0.058
                0.31               0.064
                0.32               0.059
                0.33               0.052
                0.34               0.051
                0.35               0.059
                0.36                0.05
                0.37               0.056
                0.38                0.07
                0.39               0.066
                 0.4               0.065
                0.41               0.054
                0.42               0.054
                0.43                0.05
                0.44               0.042
                0.45               0.043
                0.46               0.043
                0.47               0.053
                0.48               0.054
                0.49               0.044
                 0.5               0.043
                0.51               0.039
                0.52               0.037
                0.53               0.047
                0.54               0.048
                0.55               0.043
                0.56               0.043
                0.57                0.05
                0.58               0.057
                0.59                0.05
                 0.6               0.052
                0.61               0.047
                0.62               0.041
                0.63                0.05
                0.64               0.043
                0.65               0.041
                0.66               0.044
                0.67               0.033
                0.68               0.032
                0.69                0.04
                 0.7               0.049
                0.71               0.047
                0.72               0.045
                0.73                0.03
                0.74               0.032
                0.75               0.031
                0.76               0.036
                0.77               0.029
                0.78               0.028
                0.79               0.025
                 0.8               0.024
                0.81               0.022
                0.82               0.026
                0.83                0.02
                0.84               0.026
                0.85               0.024
                0.86               0.024
                0.87               0.031
                0.88               0.032
                0.89               0.038
                 0.9               0.045
                0.91                0.04
                0.92               0.042
                0.93               0.044
                0.94               0.039
                0.95               0.052
                0.96               0.049
                0.97               0.046
                0.98               0.046
                0.99               0.047
