                0.01     -0.013649791117
                0.02     -0.013443877713
                0.03     -0.012940124924
                0.04     -0.012138532748
                0.05     -0.011039101187
                0.06    -0.0096418302393
                0.07    -0.0079467199061
                0.08    -0.0059537701869
                0.09    -0.0036629810819
                 0.1     -0.001074352591
                0.11     0.0018121152858
                0.12     0.0049964225485
                0.13      0.008478569197
                0.14      0.012258555232
                0.15      0.016336380652
                0.16      0.020712045458
                0.17       0.02538554965
                0.18      0.030356893228
                0.19      0.035626076192
                 0.2      0.041193098542
                0.21      0.047057960278
                0.22        0.0532206614
                0.23      0.059681201907
                0.24      0.066439581801
                0.25       0.07349580108
                0.26      0.080849859745
                0.27      0.088501757796
                0.28       0.09645263191
                0.29       0.10478164412
                 0.3       0.11353514528
                0.31       0.12270896686
                0.32       0.13229672827
                0.33       0.14228881245
                0.34       0.15267149248
                0.35        0.1634263887
                0.36        0.1745325821
                0.37        0.1859708542
                0.38       0.19772310284
                0.39       0.20977076081
                 0.4       0.22209371892
                0.41       0.23467023977
                0.42       0.24747675758
                0.43       0.26048756434
                0.44        0.2736746573
                0.45       0.28700772131
                0.46       0.30045421202
                0.47       0.31397978225
                0.48       0.32755119193
                0.49       0.34113910676
                 0.5       0.35472021897
                0.51       0.36827684428
                0.52       0.38179488864
                0.53       0.39526198576
                0.54       0.40866780548
                0.55       0.42200654156
                0.56       0.43527881837
                0.57       0.44849232513
                0.58       0.46166016819
                0.59       0.47479854779
                 0.6       0.48792697433
                0.61       0.50107254745
                0.62       0.51426980432
                0.63       0.52755762568
                0.64       0.54097712898
                0.65       0.55456805427
                0.66        0.5683649017
                0.67       0.58239422894
                0.68       0.59667657163
                0.69       0.61122800502
                 0.7       0.62606204867
                0.71       0.64119135758
                0.72       0.65662664011
                0.73       0.67231462201
                0.74       0.68815834189
                0.75       0.70415639705
                0.76        0.7203087875
                0.77       0.73661551325
                0.78       0.75307657428
                0.79        0.7696919706
                 0.8       0.78646170221
                0.81       0.80338576911
                0.82        0.8204641713
                0.83       0.83769690877
                0.84       0.85508398154
                0.85       0.87262538959
                0.86       0.89032113294
                0.87       0.90817121157
                0.88       0.92617562549
                0.89       0.94433437471
                 0.9       0.96264745921
                0.91         0.981114879
                0.92       0.99973663407
                0.93        1.0185127244
                0.94        1.0374431501
                0.95         1.056527911
                0.96        1.0757670073
                0.97        1.0951604388
                0.98        1.1147082056
                0.99        1.1344103077
                   1        1.1542667451
