                0.01      -0.02149900862     -0.046744420197      0.012431597782
                0.02      -0.02149900862     -0.040288412651      0.015472391403
                0.03       0.01058987778     -0.014234468335      0.024936952419
                0.04       0.01058987778     -0.014234468335      0.024936952419
                0.05       0.01058987778     -0.014234468335      0.024936952419
                0.06       0.01058987778     -0.014234468335      0.025379261979
                0.07       0.01058987778     -0.014234468335      0.025379261979
                0.08       0.01058987778     -0.014234468335      0.025379261979
                0.09       0.01058987778     -0.009539289648      0.038680406647
                 0.1       0.01058987778     -0.009539289648      0.038680406647
                0.11       0.01058987778    -0.0089731356063      0.042021267876
                0.12       0.02229561578      0.008570237246      0.059219172327
                0.13       0.02229561578      0.008570237246      0.059219172327
                0.14       0.02229561578     0.0092595031652      0.059526236834
                0.15       0.03281943133      0.020437342506      0.066880190458
                0.16       0.04619611134      0.023167255167      0.073037902309
                0.17       0.04619611134      0.023167255167      0.073037902309
                0.18       0.07989613429      0.029551345165      0.087057906572
                0.19       0.07989613429       0.03057365086      0.092427265189
                 0.2       0.07989613429       0.03057365086      0.092427265189
                0.21       0.09923467443      0.049356292299       0.12219443589
                0.22         0.120737179       0.07754672627       0.13300673045
                0.23         0.120737179       0.07754672627       0.13300673045
                0.24         0.120737179      0.084480580464       0.13759195079
                0.25         0.120737179      0.087941427258       0.13959956683
                0.26         0.120737179      0.087941427258       0.13959956683
                0.27        0.1336617158      0.095886371669       0.14776619509
                0.28        0.1336617158      0.099750908163       0.15426284625
                0.29         0.145668654       0.10694616882       0.17329604443
                 0.3         0.145668654       0.10694616882       0.17329604443
                0.31        0.1694223977       0.11915992428       0.19013282178
                0.32        0.1716429453       0.15228404347       0.21089654198
                0.33        0.1716429453       0.15228404347       0.21089654198
                0.34        0.1888210176       0.15895467066       0.21492156608
                0.35        0.1888210176       0.16344317389       0.22638259246
                0.36        0.1888210176       0.16344317389       0.22638259246
                0.37        0.2177037082       0.17985409231       0.24860289412
                0.38         0.238303106       0.19841584479       0.26944781361
                0.39         0.238303106       0.19841584479       0.26944781361
                 0.4        0.2664069093        0.2206528671       0.28338692872
                0.41        0.2749521898       0.22769001993       0.29437694416
                0.42        0.2749521898       0.22769001993       0.29437694416
                0.43        0.2765101215       0.25252944391       0.32458296648
                0.44        0.2765101215        0.2534041684       0.32471964092
                0.45        0.3396548434       0.27539543464       0.33973146023
                0.46        0.3396548434       0.27539543464       0.33973146023
                0.47        0.3396548434       0.28292737269       0.34657156334
                0.48        0.3396548434        0.3105955043       0.37476314085
                0.49        0.3396548434        0.3105955043       0.37476314085
                 0.5        0.3396548434       0.31368151015       0.37655888055
                0.51        0.3396548434       0.33226062502       0.40277976296
                0.52        0.3396548434       0.33226062502       0.40277976296
                0.53        0.3980648913       0.35588195494       0.41207000182
                0.54        0.3980648913       0.35828699291        0.4151251553
                0.55        0.3980648913       0.35828699291        0.4151251553
                0.56        0.3980648913       0.37199007211       0.44234055333
                0.57        0.4580943098       0.41120174475       0.48160445997
                0.58        0.4580943098       0.41454901173       0.48215887369
                0.59        0.4580943098       0.41454901173       0.48215887369
                 0.6        0.4986365824       0.45685494375       0.53684041734
                0.61        0.5247894638       0.49915610046       0.57060136742
                0.62        0.5247894638       0.49915610046       0.57060136742
                0.63        0.5247894638       0.50434522593       0.57813650342
                0.64         0.606917528       0.53593136271       0.60143033915
                0.65         0.606917528       0.53593136271       0.60143033915
                0.66         0.606917528       0.54677565505       0.60691478968
                0.67         0.606917528       0.55831083169       0.61473765225
                0.68         0.606917528       0.55831083169       0.61473765225
                0.69         0.606917528       0.56147770893       0.62024079366
                 0.7        0.6110203657        0.5775224948       0.64832786538
                0.71        0.6110203657        0.5775224948       0.64832786538
                0.72        0.6121783909        0.5814778784       0.65303027049
                0.73        0.7178375727       0.63336135178        0.7058861871
                0.74        0.7178375727       0.63648562367       0.70884509047
                0.75        0.7178375727       0.63648562367       0.70884509047
                0.76        0.7308582213       0.68034273148        0.7590987715
                0.77        0.7308582213        0.6984744493       0.79406447215
                0.78        0.7308582213        0.6984744493       0.79406447215
                0.79        0.8302736644       0.77105349265       0.83242965816
                 0.8        0.8302736644       0.77340062469       0.83493623669
                0.81        0.8302736644       0.77340062469       0.83493623669
                0.82        0.8302736644       0.77614463985        0.8415776389
                0.83        0.8446234347       0.80800390743       0.88809150578
                0.84        0.8446234347       0.80800390743       0.88809150578
                0.85        0.8684305398       0.84037208114       0.91347519405
                0.86        0.9459992995       0.86933792439       0.95451984628
                0.87         0.950665051       0.93310607288        1.0060775342
                0.88         0.950665051       0.93310607288        1.0060775342
                0.89         0.950665051       0.93761539966        1.0097846373
                 0.9         1.032248024        0.9623179767        1.0461988661
                0.91         1.032248024        0.9623179767        1.0461988661
                0.92         1.036245995       0.97012732687        1.0630472652
                0.93          1.08845833        1.0316996277        1.1106143205
                0.94          1.08845833        1.0316996277        1.1106143205
                0.95          1.08845833        1.0475205536        1.1287836492
                0.96         1.117727866        1.0947140062        1.1726166506
                0.97         1.117727866        1.0947140062        1.1726166506
                0.98         1.157624658        1.1102860789        1.1796391896
                0.99         1.157624658        1.1230163381         1.196043784
