                0.01               0.123
                0.02               0.051
                0.03               0.047
                0.04                0.05
                0.05                0.04
                0.06               0.049
                0.07               0.035
                0.08               0.038
                0.09               0.043
                 0.1                0.04
                0.11               0.039
                0.12               0.039
                0.13               0.036
                0.14               0.031
                0.15               0.042
                0.16               0.045
                0.17               0.033
                0.18               0.032
                0.19               0.048
                 0.2               0.042
                0.21               0.036
                0.22               0.041
                0.23                0.05
                0.24                0.05
                0.25               0.045
                0.26               0.054
                0.27               0.044
                0.28               0.033
                0.29               0.053
                 0.3               0.044
                0.31                0.04
                0.32               0.039
                0.33               0.043
                0.34               0.024
                0.35               0.042
                0.36               0.049
                0.37               0.041
                0.38               0.052
                0.39               0.063
                 0.4               0.049
                0.41               0.056
                0.42               0.056
                0.43               0.041
                0.44               0.034
                0.45               0.047
                0.46               0.036
                0.47               0.034
                0.48               0.051
                0.49               0.047
                 0.5               0.036
                0.51               0.046
                0.52               0.063
                0.53                0.03
                0.54               0.044
                0.55                0.07
                0.56               0.061
                0.57               0.036
                0.58               0.066
                0.59               0.034
                 0.6               0.041
                0.61               0.072
                0.62               0.064
                0.63                0.05
                0.64               0.063
                0.65               0.064
                0.66               0.035
                0.67               0.044
                0.68               0.083
                0.69                0.05
                 0.7                0.05
                0.71               0.088
                0.72               0.047
                0.73               0.052
                0.74                0.08
                0.75               0.068
                0.76               0.043
                0.77               0.066
                0.78               0.056
                0.79               0.048
                 0.8               0.069
                0.81               0.079
                0.82               0.051
                0.83               0.052
                0.84               0.114
                0.85               0.042
                0.86               0.059
                0.87               0.088
                0.88               0.062
                0.89               0.049
                 0.9               0.085
                0.91               0.064
                0.92               0.047
                0.93               0.077
                0.94               0.097
                0.95               0.046
                0.96               0.062
                0.97               0.093
                0.98               0.054
                0.99               0.069
