     0.0072463768116    0.00085599710154
      0.021739130435     -0.025860485559
      0.036231884058      0.061094877902
      0.050724637681       0.01509262172
      0.065217391304     0.0044781105573
      0.079710144928     -0.035290535199
      0.094202898551      0.023833245394
       0.10869565217    -0.0096438590938
        0.1231884058      0.066983778958
       0.13768115942       0.02582910236
       0.15217391304      0.048106548693
       0.16666666667       0.03523479508
       0.18115942029      0.069436071787
       0.19565217391      0.023668056184
       0.21014492754      0.092398903611
       0.22463768116       0.12206798098
       0.23913043478       0.11398609221
       0.25362318841       0.10595548353
       0.26811594203       0.12557838723
       0.28260869565       0.12094477107
       0.29710144928       0.13440770054
        0.3115942029       0.15345189341
       0.32608695652       0.19219655392
       0.34057971014       0.17696428565
       0.35507246377       0.18489431259
       0.36956521739       0.21354274516
       0.38405797101       0.23525444438
       0.39855072464        0.2606246141
       0.41304347826       0.25180465939
       0.42753623188       0.35088381154
       0.44202898551       0.27334415594
       0.45652173913       0.32413855071
       0.47101449275       0.30572652321
       0.48550724638       0.36842300486
                 0.5        0.3263429846
       0.51449275362       0.37413049181
       0.52898550725       0.40420233585
       0.54347826087       0.36873717749
       0.55797101449        0.4023412692
       0.57246376812       0.46697192758
       0.58695652174       0.42228846603
       0.60144927536       0.49860727919
       0.61594202899       0.54654193245
       0.63043478261       0.52811415688
       0.64492753623       0.58411270175
       0.65942028986       0.57398919921
       0.67391304348       0.59342551015
        0.6884057971        0.5763888493
       0.70289855072       0.62019855455
       0.71739130435       0.59740084645
       0.73188405797       0.69289551102
       0.74637681159        0.6488728965
       0.76086956522       0.72114584973
       0.77536231884       0.73697528936
       0.78985507246       0.83073205532
       0.80434782609       0.79682175075
       0.81884057971       0.78550558206
       0.83333333333       0.84979941228
       0.84782608696       0.87955831513
       0.86231884058       0.90921110389
        0.8768115942       0.98934807055
       0.89130434783       0.95846613244
       0.90579710145        1.0128778815
       0.92028985507       0.99897625511
        0.9347826087        1.0820295671
       0.94927536232        1.0771768758
       0.96376811594        1.1484252327
       0.97826086957        1.1431967932
       0.99275362319        1.1506029312
