                0.01       0.01148430244     -0.046089086739      0.013408110707
                0.02       0.01148430244      -0.04229375243      0.015463070367
                0.03       0.01148430244     -0.014654308737      0.024808419865
                0.04       0.01148430244     -0.014654308737      0.024808419865
                0.05       0.01148430244     -0.014428051781      0.024808419865
                0.06       0.01148430244     -0.014428051781      0.024808419865
                0.07       0.01148430244     -0.014428051781      0.024808419865
                0.08       0.01148430244     -0.014428051781      0.024808419865
                0.09       0.01148430244     -0.009865632532      0.039594103642
                 0.1       0.01148430244     -0.009865632532      0.039594103642
                0.11       0.01148430244    -0.0086795593285      0.042390630476
                0.12       0.01148430244     0.0082527903796      0.060097618457
                0.13       0.01148430244     0.0082527903796      0.060097618457
                0.14       0.01148430244     0.0091995920463      0.060341214156
                0.15       0.01903222404      0.019988396936      0.068239324686
                0.16       0.01903222404      0.022829704804      0.071472576571
                0.17       0.01903222404      0.022829704804      0.071472576571
                0.18       0.01903222404       0.02958029675      0.085812966415
                0.19       0.01903222404      0.030431429549      0.088723488235
                 0.2       0.01903222404      0.030431429549      0.088723488235
                0.21        0.0806147881      0.050718137085       0.12548424964
                0.22        0.1359920573      0.078292142239       0.13232281164
                0.23        0.1359920573      0.078292142239       0.13232281164
                0.24        0.1359920573       0.08433515997       0.13467270292
                0.25        0.1359920573       0.09008908338       0.13940450444
                0.26        0.1359920573       0.09008908338       0.13940450444
                0.27        0.1359920573      0.096154452815        0.1523371575
                0.28        0.1359920573       0.10083877755       0.15701729143
                0.29        0.1359920573        0.1096953123       0.16952768839
                 0.3        0.1359920573        0.1096953123       0.16952768839
                0.31        0.1359920573       0.12044199039       0.19121603368
                0.32        0.1815906382       0.15295513554       0.20936693328
                0.33        0.1815906382       0.15295513554       0.20936693328
                0.34        0.1815906382       0.15681009117       0.21436944497
                0.35        0.1815906382       0.16160404608       0.22771357576
                0.36        0.1815906382       0.16160404608       0.22771357576
                0.37        0.1914642078       0.17953212802       0.25212651236
                0.38        0.2283839258       0.20068899405       0.26875066568
                0.39        0.2283839258       0.20068899405       0.26875066568
                 0.4        0.2750355009       0.22163821663       0.28514481192
                0.41        0.2750355009       0.22658949469       0.29292538708
                0.42        0.2750355009       0.22658949469       0.29292538708
                0.43        0.2750355009       0.25447237613       0.32774616449
                0.44        0.3171216099       0.25485675104       0.32789518852
                0.45        0.3316103201       0.27576472063       0.34225747451
                0.46        0.3316103201       0.27576472063       0.34225747451
                0.47        0.3316103201       0.28444196165       0.34756091925
                0.48        0.3532474431       0.31168717796       0.37556035019
                0.49        0.3532474431       0.31168717796       0.37556035019
                 0.5        0.3532474431       0.31199683535       0.37714882173
                0.51         0.372023526         0.333580366       0.40284031632
                0.52         0.372023526         0.333580366       0.40284031632
                0.53         0.372023526       0.35794209367       0.41107103243
                0.54         0.372023526       0.35898611403       0.41455680354
                0.55         0.372023526       0.35898611403       0.41455680354
                0.56         0.372023526       0.37081362332       0.44355697948
                0.57        0.4422340411       0.40696607215       0.48168842568
                0.58        0.4422340411        0.4105169717       0.48445548943
                0.59        0.4422340411        0.4105169717       0.48445548943
                 0.6         0.481576751        0.4558058765       0.53734547455
                0.61        0.5573169858       0.49905481946       0.57131762071
                0.62        0.5573169858       0.49905481946       0.57131762071
                0.63        0.5573169858       0.50538499805        0.5770779651
                0.64        0.5796486509       0.53943801986       0.60114186688
                0.65        0.5796486509       0.53943801986       0.60114186688
                0.66        0.5796486509        0.5500017537       0.60337345142
                0.67        0.5796486509       0.55874580193       0.61586919722
                0.68        0.5796486509       0.55874580193       0.61586919722
                0.69        0.5796486509       0.56218548312       0.61943896176
                 0.7        0.5926573992       0.58017626011       0.64447993113
                0.71        0.5926573992       0.58017626011       0.64447993113
                0.72        0.5926573992       0.58254408305       0.65161201686
                0.73        0.6588822267       0.63413358288       0.70608696228
                0.74        0.6588822267       0.63503250816       0.71078617415
                0.75        0.6588822267       0.63503250816       0.71078617415
                0.76        0.7173895025       0.67871700509       0.75879894108
                0.77        0.7289293763       0.69876467861       0.79122359964
                0.78        0.7289293763       0.69876467861       0.79122359964
                0.79        0.7963111226       0.77618661142       0.83627853211
                 0.8        0.7963111226       0.77690798521       0.83645693626
                0.81        0.7963111226       0.77690798521       0.83645693626
                0.82        0.7963111226       0.77970419573       0.84115798573
                0.83         0.843637808       0.80779964479       0.88794293768
                0.84         0.843637808       0.80779964479       0.88794293768
                0.85        0.8632158881       0.84199588896       0.91709151666
                0.86        0.9461130136       0.87049283281       0.95668146586
                0.87        0.9640043539       0.93223618523        1.0078015851
                0.88        0.9640043539       0.93223618523        1.0078015851
                0.89        0.9640043539       0.93993217468        1.0136310639
                 0.9         1.025779921        0.9632792837        1.0463928753
                0.91         1.025779921        0.9632792837        1.0463928753
                0.92         1.025779921       0.97393105995        1.0612251114
                0.93         1.063697536        1.0332513795        1.1127107866
                0.94         1.063697536        1.0332513795        1.1127107866
                0.95         1.073594321        1.0478607658        1.1230381622
                0.96         1.153183092        1.0906075116        1.1745912906
                0.97         1.153183092        1.0906075116        1.1745912906
                0.98         1.153183092        1.1023409987        1.1782866951
                0.99         1.153183092        1.1236628392         1.195586639
