      0.002202007075      0.085513400077
      0.002319317873   -0.00084567590762
      0.003334662789       0.15795927569
      0.003517508685     -0.060688086857
      0.004308018333     -0.074041454844
          0.00493979      -0.24839204714
      0.005532126415      0.045390021851
      0.005549158828     -0.067397042659
      0.006374366259      0.041561564543
      0.007201126729      -0.18237339414
       0.00803615573      0.037764157768
       0.00874164952     -0.045076896656
      0.009163254856      0.039021265989
       0.01081461223      0.046403499553
       0.01284422858     -0.062711777218
       0.01316833255     0.0033137824303
        0.0133314001      0.051987030458
       0.01388870943       0.15316016949
       0.01395995045      0.053610656956
       0.01407674329      0.042970052621
       0.01828322526      -0.13494517678
         0.021231396      0.016983390632
       0.02206776016     -0.006843986867
       0.02211726762      -0.10248833039
       0.02477478345      -0.15348596949
       0.02502262363    -0.0029902728162
       0.02569188352      -0.21072425137
       0.02603087324      0.025541263793
       0.02727645862      0.060078565737
       0.02776550412       0.19555987335
       0.02790989949     -0.014264826728
       0.02859491958     -0.023508668274
       0.02863557529     -0.035406349412
       0.02879850984      0.024189335929
       0.02988422799       0.18258996839
       0.03137228674      0.096068962874
       0.03188385506       0.11335533052
       0.03212721819    -0.0046998111769
       0.03392156141      0.042849031777
       0.03568451572      -0.01459561125
       0.03801870581      0.082285070484
       0.03892744888     0.0055156893486
       0.03988437787       0.06214213705
       0.04083496457     -0.076637633571
       0.04247459688      0.077244089444
       0.04248799584       0.22244063682
       0.04287848406     -0.012970163628
       0.04316005883      0.080351542331
       0.04445112984     -0.010256824994
       0.04452248929       0.15223270402
       0.04492727139       0.12738965588
       0.04655061894     0.0021349138606
       0.04782212478       0.14414251597
       0.04792673221       0.10268017336
       0.04809238863    -0.0093301718941
       0.04810357058     -0.056694333523
        0.0490697988     -0.026971953948
       0.04915644021      0.046142623753
       0.05105816416    -0.0089166788785
       0.05217423124     -0.098872399014
       0.05252630709     0.0075504698839
       0.05296298657      0.020098055746
       0.05307247147       0.03750234311
        0.0543918076      0.093265271398
        0.0554288512     -0.077269352314
       0.05615658437     -0.016362142706
       0.05627689668     0.0045707993034
       0.05772090838      0.032974190945
       0.05785880151      -0.14891387762
       0.05862192558      0.076947914804
       0.05894037024     -0.035689043451
       0.06017225362     -0.096481584605
       0.06060894964      0.014631449627
       0.06069801962      0.021063086497
       0.06086915422      0.028166681241
        0.0619974192     -0.072330561309
       0.06334229848       0.11873283983
       0.06368158528      -0.05853126192
        0.0640265161      0.072235216236
       0.06450245478     -0.096871307681
       0.06712129808      0.072023258827
       0.06724921111     -0.089915566739
       0.06733680215      0.089866656939
       0.06897179756      -0.14705806918
       0.06910153192      -0.04542168762
        0.0706699221     0.0083942057975
       0.07096726744       0.19961651328
       0.07153127796     -0.065777275218
       0.07171927968      0.096005526906
       0.07277352941     -0.065015277761
       0.07285082406      0.072934655247
        0.0728908237       0.04814725637
       0.07299485668      -0.07134961074
       0.07379855146     0.0032946121888
       0.07417865779      -0.02349008884
       0.07434847775      -0.32637049847
       0.07761612807       0.17795462968
        0.0777941201      0.050653353329
       0.07824395502      -0.12468961222
       0.08169662492      0.046736474166
       0.08221280186      -0.14333023348
       0.08234356334      -0.16973848541
       0.08295641186     -0.023208140974
        0.0832295828      0.076920509589
       0.08386898549     0.0053849513179
       0.08518630599      -0.12165538616
       0.08580597567      0.022553571411
        0.0863717231      -0.10660575337
       0.09156284487      0.014463953586
       0.09351742269       0.02502083298
       0.09441566458      0.038603121409
       0.09519186078      0.079605962734
       0.09797906142      0.083415655055
       0.09828753424      -0.08001646067
       0.09850502407      -0.14938567158
       0.09977423331       0.12647579196
        0.1008335898       0.07655435553
        0.1020199939      0.048177533553
        0.1042408477    -0.0046689924431
         0.105048864    -0.0085448855782
        0.1053318595      -0.10094174108
        0.1059105587     -0.099172503686
        0.1073465427      0.066354700072
        0.1082152121     -0.050476423309
        0.1095067574       0.15045927852
        0.1098725642      -0.13428523423
        0.1120144709      0.073297386013
        0.1142164146     -0.043663602259
         0.115755508     -0.012358263284
        0.1170772654     -0.052567144566
        0.1174381591      0.089385214411
        0.1184958498       0.13579419564
        0.1186480064      0.030620093431
        0.1195951952      0.023973486296
        0.1224352471      0.040933430268
        0.1233137909       0.20761686816
        0.1261994864       0.13242523665
        0.1271129484      0.091859107008
        0.1272757261      0.054525569119
        0.1291341515     -0.017074650093
         0.130682241     -0.073565138205
        0.1308759899         0.158588597
        0.1314039951      0.020922878441
        0.1317621099      -0.11884330795
        0.1327306306     -0.012231856708
        0.1337439595       0.20257887647
        0.1349320387     -0.012141295878
        0.1350688415     -0.018851281317
        0.1372355791      0.029360006732
        0.1373267421     -0.028769720627
        0.1411093433      0.032660315221
        0.1414930012      0.027922124383
        0.1415840094       0.13995079602
        0.1424499617      0.014365149844
        0.1435150647      -0.12140945409
         0.143687574       0.13399649422
        0.1441807358     -0.068563883846
        0.1442760068       0.11014241304
        0.1448174274      0.074899523101
        0.1468390481     -0.055470261019
        0.1469930078      0.062569579846
        0.1476739624      0.013397622175
        0.1481890201      -0.05638030733
        0.1488501814      0.078041672334
         0.149345973      0.043008031312
        0.1500357441      0.072868858011
        0.1511775492       0.10976757418
        0.1513988611       0.12053567132
        0.1522518716       0.17401304706
        0.1526276304      0.074345502549
        0.1538803136       0.16508878106
        0.1542964901      0.084933869798
        0.1544935859      -0.11202614772
        0.1545703104     0.0092479712688
        0.1546244599       0.16014524438
        0.1551466685     -0.022081184902
        0.1556824338     -0.095401177441
        0.1571137303      0.055486946965
         0.158535058     -0.026942566067
        0.1586793579       0.15681750204
         0.158893348      0.073412802289
        0.1592273413      0.021552653322
        0.1599982022    -0.0047414490292
        0.1602950843     -0.016573276113
        0.1615690795       0.11703758298
        0.1616324206       0.28146746532
        0.1649165265      -0.15676134451
        0.1673255378      0.094468582322
        0.1674741359    -0.0052517763675
        0.1677624497      0.094425261083
        0.1705941014       0.10813543919
        0.1714317893      -0.15950618613
        0.1754446035      0.021628741531
        0.1770196006       0.11007786547
        0.1771324991      0.095516648778
        0.1807020326        0.1502119254
        0.1808094015      0.014309196066
        0.1811682947       0.10999736378
         0.182832667      0.079805452652
         0.183747837       0.21646884931
        0.1855061747      -0.13669326907
        0.1860737946      0.065826821283
         0.186157126      0.042709766997
        0.1862568527       0.10996023128
        0.1879923497      0.029594446897
        0.1881574998      0.063385325365
        0.1923422665      -0.14969141327
        0.1934644969     -0.074172051249
         0.193745016      0.043103274142
        0.1952750438     -0.014921058645
        0.1958509937      0.044885629093
        0.1958715072      0.022714875125
        0.1989175443       0.08022090369
        0.1999791736       0.25651307927
        0.2011344156       0.15638212419
        0.2018048099      -0.12811811994
        0.2035124186     -0.055028786505
        0.2041511639       0.21333518336
         0.204362061       0.23065178388
        0.2062617866       0.11636354414
        0.2073723007     -0.001187698299
        0.2075156593       0.16482986637
        0.2085267318      0.070263302442
        0.2089647958       0.11648449413
        0.2099354408      0.080106940045
        0.2099983811       0.20553848321
        0.2104893359      -0.10970490333
        0.2125424818       0.02991158503
        0.2154590204       0.14054594152
        0.2182405917       0.11700033769
        0.2183002366       0.10860194655
        0.2185158765       0.15590043279
        0.2189280488      0.075828302858
        0.2224867581       0.10638772378
        0.2250107041    -0.0023633395172
        0.2271534478       0.14719681475
        0.2280407354       0.18923762728
        0.2284848624       0.34214228016
        0.2289697407       0.23428110103
        0.2291975409     -0.069629268505
        0.2292314566       0.20397433958
        0.2303718431      0.019075170739
        0.2303974016       0.08253894431
        0.2320274025      0.050451281167
         0.232385163       0.20014324147
        0.2330696627       0.12085485707
        0.2334038227      0.081954610973
        0.2347778511      0.041055060681
        0.2368410277       0.30547176881
        0.2379193707       0.18752325645
        0.2391144179       0.04992615296
        0.2397349668      -0.11870030403
        0.2400510485      0.036818167946
         0.241863097       0.28377694373
        0.2433557285       0.13966146495
        0.2457501782       0.10933157005
        0.2459995645       0.10867707962
        0.2467881867      0.058990840748
        0.2478605144      0.076133568059
        0.2480229959      -0.11475479018
        0.2530860182       0.17200693306
        0.2532415433       0.15949921539
        0.2544407465      0.069900897713
        0.2549617555        0.1351762726
        0.2557381621       0.15929374136
        0.2561645556       0.11276237807
         0.258204773       0.16028339204
        0.2597889344      0.036177419359
        0.2598242631      0.088631994399
        0.2601781917       0.16866132335
        0.2603889979       0.20167313831
        0.2613209786      0.060652754003
        0.2619518091       0.10504462104
        0.2620416574        0.1581248778
        0.2626195931       0.25912994351
        0.2645448732       0.22461996984
        0.2667189544      0.012436870417
        0.2688299999       0.27274194185
        0.2692683463       0.12809226067
        0.2694609892      0.056922241508
        0.2695707646      0.028555798443
        0.2702033556       0.04939276407
        0.2733067556       0.15248238751
        0.2761744972       0.14205414911
        0.2772179334      0.075552932678
        0.2782964659       0.10313980186
        0.2798858835      0.010867789435
        0.2800259881       0.30068990582
        0.2821050338       0.23271979376
        0.2823747551       0.15602978615
        0.2832265032       0.15965827302
         0.284392062      0.067939841611
        0.2851860809       0.14673266587
        0.2865513845      0.034269451103
        0.2865913354      0.083069194296
        0.2880019031       0.18035392006
        0.2888062962      0.089034468097
        0.2898440485      0.033269040876
        0.2902080633       0.14026318805
        0.2902420595      0.061141755542
        0.2918723258       0.19571847969
        0.2922349353      0.027119324207
        0.2930211704       0.29206859254
        0.2935620229       0.30669757718
        0.2946705723      0.070105366455
        0.2965458734       0.14548654591
        0.2977267364       0.16995600885
        0.2980477076      0.061722609395
        0.2987801595       0.30936681015
         0.299994411       0.16029542235
        0.3010194119      -0.01409927271
        0.3025308028       0.14299851338
        0.3038488097         0.069926421
         0.304299631      0.013099943675
         0.304382396       0.24840101829
        0.3050751943       0.12791541063
        0.3055930194      0.046233722539
        0.3056966151      0.064189072274
        0.3064335728       0.16428108539
        0.3099018592    -0.0038408400528
        0.3107383603        0.4101359918
        0.3118232867      0.023828550831
        0.3125571427       0.17237530289
        0.3129170135       0.26272508002
        0.3156201929       0.13680202307
        0.3163188035       0.13290657065
        0.3172944974       0.22623983856
        0.3176587161       0.13766819981
        0.3189362418       0.30061779909
        0.3197549916      0.016421764006
         0.319961975       0.15542525051
        0.3211485711      -0.07357662806
        0.3211670074      0.071861782835
        0.3213224251      0.035340550241
        0.3215309235      0.071625973897
        0.3218420966       0.44942827845
        0.3243335434       0.44980319194
        0.3245833729       0.17998106759
        0.3259367935       0.15459509354
        0.3264767578       0.30109779885
        0.3271235481       0.23229597224
        0.3282933172       0.30910383199
        0.3289790425       0.23160565903
        0.3299609862       0.16264318822
        0.3301284366       0.16254095246
        0.3303730003       0.23233763815
        0.3314492327       0.27011978091
         0.331643496       0.27419018876
        0.3323651295       0.05597635549
        0.3326246723       0.18681066171
        0.3337917636        0.2096083734
        0.3341383839     -0.056109042502
        0.3363197869       0.12422050796
         0.337167242       0.40043727028
         0.337199411      0.030540578089
         0.337446946      0.088004205483
        0.3415508805       0.18350885334
        0.3425132548        0.1965768861
        0.3425240569       0.25617570532
        0.3451363707       0.23491000313
        0.3469496321       0.29913593832
        0.3472253065       0.15833179179
        0.3486607077       0.10627294442
        0.3501640215       0.11580838009
        0.3508685823       0.15504901337
        0.3512534058        0.2404838412
        0.3514021819          0.24780541
        0.3516941985       0.14411802954
        0.3527631263      0.096255404921
        0.3529770674       0.20362197039
        0.3553702926       0.13098056711
         0.360089469        0.3575757287
        0.3603959423      0.052528610813
        0.3618912796       0.29940412481
        0.3623002655       0.25557098149
         0.362325744      0.085015878416
        0.3629825471       0.43233641927
        0.3637726494      0.087562794779
         0.366022708       0.25752010296
        0.3692360198        0.3181490103
        0.3694099086      0.091726487469
        0.3694254905       0.37316644433
        0.3712884143       0.36572701652
          0.37413313       0.23955872593
        0.3748479953       0.07399646646
        0.3752560344       0.26946681975
        0.3760320603        0.0711807332
        0.3761283928       0.12024095371
        0.3767363992       0.20608600657
        0.3793565529       0.08482857539
        0.3799848101       0.36499332652
        0.3804695861       0.28407494624
         0.380905239       0.28756037287
        0.3816678792       0.17982591611
        0.3820846094       0.23004760501
        0.3855671353       0.35623057146
        0.3858604195        0.2890069405
        0.3860902451       0.29318745438
        0.3873729067       0.14451828106
        0.3887217083      0.042683169113
         0.389125112       0.29579146103
        0.3899419462      0.068938587884
        0.3901962447       0.15101609346
        0.3902630592       0.37036384368
        0.3907960636       0.32335650987
        0.3919364761       0.18623992629
        0.3953393333       0.21597357193
        0.3966283147       0.15578367774
        0.3968668061       0.25643395659
        0.3972042372      0.074651632179
        0.3988943827       0.24178666706
        0.4012538842       0.39199813411
        0.4012837239       0.24530189385
        0.4016621264       0.10757420266
        0.4025860431       0.53692907263
        0.4028618005        0.4389515237
        0.4036602537       0.26400822114
        0.4038525201       0.15378504045
         0.405450276       0.37486479693
        0.4056585663       0.26769314044
        0.4058391378       0.28317122388
        0.4066361018       0.38397434925
        0.4070816049      0.097864411352
        0.4089430086       0.29615966089
        0.4096225529        0.2853443864
        0.4132072414       0.23877783749
        0.4139636632       0.41689115741
        0.4141079397       0.34572017831
        0.4147118321        0.1100569536
        0.4159258331        0.2211673939
        0.4162146332        0.2265143288
        0.4172303775       0.40773109226
        0.4175678048       0.12069656256
        0.4177289151       0.21862512415
        0.4181533027       0.38965506958
        0.4195084689     -0.010957132956
        0.4208394411       0.28638224492
        0.4208542927       0.47379375925
        0.4212095781       0.22229422778
        0.4278775118       0.41081118833
        0.4346478026       0.36464647554
        0.4353968147       0.34392757185
        0.4358358153       0.18351349581
        0.4363224507       0.34736836639
        0.4374255651       0.29995477934
        0.4389830187       0.19498130255
        0.4399348892       0.18141380705
        0.4410385336       0.46804184629
        0.4411997607       0.17695832899
        0.4428599534       0.29395747762
        0.4443835048       0.38806424014
        0.4444934071       0.30785411606
        0.4458270278       0.37828506334
         0.448813154    -0.0081129266391
        0.4508072106       0.37473884156
        0.4512429215       0.23542533107
        0.4526754118         0.199297457
        0.4529662303       0.31644292786
        0.4542655707       0.41048341385
        0.4545326904       0.24127089349
        0.4605563503       0.30026737812
        0.4628721062       0.35029069274
        0.4635071396        0.4922714062
        0.4646696822       0.24072671211
        0.4661162762       0.52347014431
         0.466159767       0.34742990123
        0.4675553179       0.39710649074
        0.4682729105       0.28013434399
        0.4691091659       0.42105914623
        0.4711961912       0.32506246791
        0.4718497176        0.1695880586
        0.4728268013       0.36638623267
         0.473239077       0.35012437683
        0.4734357236       0.17829109712
        0.4735667396       0.23438134312
        0.4740183504       0.35546451836
        0.4745480521       0.33075930674
        0.4745725608       0.34823263882
        0.4755514015       0.31612258644
        0.4757726885       0.18196608817
        0.4759950067       0.32557443557
        0.4770702373       0.11545214911
        0.4771608618       0.31027446552
        0.4771924172       0.30570774913
        0.4782835739       0.28402615093
        0.4783291101       0.42900055022
        0.4796413583       0.28931744243
        0.4798335047       0.20775732955
        0.4822036704       0.25523807976
        0.4833962325       0.43655316129
         0.483694671        0.3864425045
        0.4847960292       0.52092422372
        0.4854972818       0.40783888857
        0.4858531556       0.33787886771
        0.4878355612       0.47015564175
        0.4888275489       0.40851974218
         0.490947651       0.35953071056
        0.4928247448       0.37809709519
        0.4944101404       0.39786172521
        0.4953107846       0.20253560611
        0.4956971813       0.31137566301
         0.495938642       0.38539029033
        0.4963812706       0.34237336522
        0.4965296777        0.2349132942
        0.4971131519        0.3808818297
        0.4991526425       0.33685909494
        0.5012385567       0.33010732423
        0.5016063471       0.11585260205
        0.5021510353       0.28453647567
        0.5031824061       0.36621724481
        0.5036154452       0.41025949049
        0.5040928081       0.21445774759
        0.5058462019       0.53303233466
        0.5079597182       0.21033495854
        0.5084305336       0.61736392935
        0.5088741713       0.33894707673
        0.5093531185       0.46743172834
        0.5093981068       0.23709866026
        0.5114827581       0.40425090403
        0.5123775312       0.14929116734
        0.5137543949       0.56039638379
        0.5147652334       0.33270954858
        0.5168774415       0.25717336425
        0.5186388394       0.40562082641
        0.5214410406         0.512688659
        0.5238679554       0.23756610479
        0.5263194863       0.44090870919
        0.5269408481       0.48546662071
        0.5269518843        0.3804496291
        0.5276829453       0.39203381509
         0.528259074       0.52374632424
        0.5291355301       0.46532869317
        0.5293182236       0.40333992473
        0.5296888618        0.3338188847
        0.5311187911       0.49090010028
        0.5317489148       0.35164748011
        0.5323698411       0.38955781781
        0.5328271867       0.57167578063
        0.5340986422       0.31680657876
        0.5355380577       0.27690856232
        0.5357174202       0.45162263757
        0.5358303506        0.3637040696
        0.5362638571       0.45999431096
        0.5365295484       0.20791923906
        0.5370492053       0.38064386094
        0.5378917377       0.33146704034
        0.5383012421       0.37157268022
        0.5397431645       0.28535999512
        0.5399881561       0.31496313348
        0.5404287047       0.36659238193
        0.5405219176       0.48255891069
        0.5405893558       0.66841884928
        0.5418024994       0.36010546259
        0.5423331428       0.37565591547
        0.5442703343        0.1473477797
        0.5467647215       0.26466363686
        0.5485633794       0.47285093988
        0.5485774141       0.28657707826
        0.5493144445       0.44617547857
        0.5501446957        0.4180898732
        0.5512988428       0.37804969556
        0.5515396413       0.41791080486
        0.5516342593        0.4196987365
         0.552077035        0.3530652276
        0.5523085834       0.62128125752
        0.5530742641       0.31843470233
        0.5559273899       0.27320596378
        0.5561670795       0.29181845092
        0.5563371917       0.32113341641
        0.5581553784       0.54803691876
        0.5586412964       0.36480110299
        0.5588965612       0.23819732815
        0.5595029389       0.57768430475
         0.561759515       0.47338587152
        0.5630370072       0.37243307606
        0.5650456531       0.38058258493
        0.5651421003       0.49410554652
        0.5660096526       0.44926010706
        0.5668159238       0.49574135887
        0.5670972297       0.41176990163
        0.5699629869       0.43507645185
        0.5704897717       0.50031631305
        0.5714556411       0.46924749548
        0.5717285827       0.46879677206
        0.5724754196       0.46909373147
        0.5734335728       0.42465598491
        0.5741311779       0.55857433154
        0.5751571122       0.52715238041
        0.5776269222       0.53490143535
        0.5777029882       0.41889958969
        0.5780899114       0.45490997867
        0.5796102781         0.390852801
        0.5799525709       0.43483843698
        0.5803858336       0.26706022037
        0.5807530606       0.40338673654
        0.5828270777       0.42226487539
         0.585363097       0.40636860857
        0.5857944904       0.53148094524
        0.5860698276       0.36866928477
        0.5862649726       0.44461577373
        0.5876920154       0.49163869666
        0.5898672655       0.39709002795
        0.5907536077       0.50670153076
        0.5915329296       0.57433965778
        0.5923379928       0.29082528555
         0.592459916       0.37698132878
        0.5987972067       0.39234312406
        0.5992448918       0.45237822214
        0.6017013129       0.53160178736
        0.6019541238       0.66849551382
        0.6020242869       0.52649488139
        0.6028761371       0.44984185677
        0.6043684842       0.45225659781
        0.6052701681       0.55573937708
        0.6052811979       0.57893430294
        0.6054127779       0.59068343802
        0.6056216992       0.44510023796
        0.6056709049       0.41776980515
        0.6058729687       0.44008448808
        0.6065601356       0.51218665386
        0.6067772698       0.39478880999
          0.60752062       0.49025952344
         0.607586344       0.51170667239
        0.6081993008       0.46839991066
         0.608312567        0.5994591745
         0.608903859       0.52106434007
        0.6092816469       0.62520610565
        0.6121651179       0.59865003088
        0.6128726293       0.42849821133
        0.6132793855       0.54800979333
        0.6144184167       0.43939754415
        0.6145644032        0.5826876273
        0.6154239656       0.38323055486
        0.6171971737       0.49411264735
        0.6180763458       0.64539378187
        0.6215629126       0.54897314729
        0.6219970961       0.64942685143
        0.6227919628       0.64585990565
        0.6247749897       0.72655397559
        0.6254690016        0.6073641993
         0.626898694       0.41361625165
        0.6291055727       0.52287013767
        0.6298509743       0.39826088028
        0.6307897249        0.4322705198
         0.632499356       0.44637590886
        0.6325499225       0.47077199018
        0.6331929009       0.44789962419
        0.6345860774       0.58551340854
        0.6348228776       0.63509912745
        0.6360392156       0.65605500066
        0.6378909692        0.5403396148
        0.6389586758       0.69078228366
        0.6396331596       0.47685649743
        0.6400633856       0.47936180127
         0.640568785       0.64006914892
        0.6411947828       0.48190657465
        0.6417679617       0.66227527038
         0.641995503       0.79279770135
        0.6424195571       0.85419857373
        0.6437700715       0.47974359469
        0.6440023722        0.3399226428
         0.644995734       0.44655894718
         0.645682951       0.77952216315
        0.6478117196       0.50192837181
        0.6481105708       0.60126846745
        0.6539867169       0.61358620205
          0.65418717       0.69637386469
        0.6553232163        0.6051382864
        0.6561900887       0.39570740665
         0.656273861       0.55312425007
        0.6565556091       0.46644924639
         0.656941821       0.41816087181
        0.6571634113       0.57095877017
        0.6577076772       0.59677717588
        0.6602646617       0.50173526876
        0.6604704612       0.63880218593
        0.6605542598       0.74070520879
        0.6622120847       0.52408481273
        0.6634119379       0.64391695448
        0.6651714212       0.61162080457
        0.6652742237       0.66022836186
        0.6662905844       0.52618660739
        0.6708358016       0.61810334686
         0.671320284       0.74733923956
        0.6716431782       0.52236255886
        0.6716631872       0.60986755862
        0.6722351509       0.56130112994
        0.6723650471       0.55962103747
        0.6742903884       0.70328362748
        0.6743637996       0.46943185955
        0.6759260304       0.66555481618
        0.6782300321       0.64477436397
        0.6786783064       0.60223071582
        0.6789060748        0.4231701226
        0.6826973749       0.48933029065
        0.6828341157       0.49452899489
        0.6847983426       0.52890255142
        0.6848923497       0.53423862089
        0.6849999139       0.50796236344
        0.6873003366       0.66746930231
        0.6875967336       0.64554307911
        0.6876371542       0.72390492129
        0.6897836518       0.46637448992
        0.6922328319       0.52005937605
        0.6926848722       0.44471510759
        0.6938974071       0.69230598618
        0.6949647024       0.78348384568
        0.6956529642       0.69315256325
        0.6968168246       0.64256831174
        0.6996802972       0.48435494007
         0.700897748       0.62893568124
        0.7020529143       0.59207445533
        0.7020639264       0.64354631639
        0.7029589236       0.72951733482
        0.7031876384       0.62917555934
        0.7033238883       0.52827062383
        0.7033824592       0.57710290103
        0.7050338734       0.66293689602
        0.7080734688       0.69167571923
        0.7094675357        0.6044626418
        0.7094711805       0.58120780522
        0.7103101644       0.59563523179
        0.7138542153       0.60942789002
        0.7152024345        0.4003191277
        0.7163003865       0.59214327655
        0.7174134273       0.67207894236
        0.7182628677       0.59538391124
        0.7183699882       0.60747029575
        0.7195015931       0.53831366291
        0.7196085778       0.53164010003
        0.7196367009       0.69513132911
        0.7208432336       0.64851156248
        0.7215437274       0.61548586827
        0.7220215564       0.67064381412
        0.7249422201       0.67459079945
        0.7250745165       0.79802449411
         0.725380841       0.78173897543
        0.7266836242       0.61475828145
        0.7275443353       0.71123697905
        0.7277167244       0.61359626513
         0.728853264       0.72883799855
        0.7301024794       0.66925051916
        0.7334628732       0.69965236414
        0.7344580429       0.55555760864
        0.7350712672       0.76340739673
        0.7368459194       0.58019502406
        0.7385186811       0.66269919795
        0.7390900047       0.85392020555
        0.7396626844       0.60749802437
        0.7411453373       0.61832673873
        0.7418779553       0.73157466991
        0.7424796674       0.66946574146
        0.7426994851       0.56145817107
        0.7427933738       0.55876261662
         0.742925931       0.65502100803
        0.7453397253       0.69117414174
        0.7464307353       0.60211940997
        0.7484678706       0.60178054367
        0.7489719606        0.5658306461
        0.7516922176       0.74360129138
        0.7522200067         0.743463747
        0.7523211398       0.74063252991
         0.754974643       0.72610251052
        0.7553958272       0.75201564596
        0.7564407712       0.82359075113
        0.7570505171       0.71185446465
        0.7573161084       0.71246812543
        0.7575584518       0.86270870305
        0.7577198289       0.71117210992
        0.7582800306       0.65731056218
        0.7585803108       0.61651932998
        0.7591448998       0.64846501423
        0.7615573078       0.68536227621
        0.7623074553       0.68449146749
        0.7651155195       0.64843736879
        0.7655953856       0.84347157259
        0.7661717492       0.74150409286
        0.7667203675       0.61865921032
        0.7668701357       0.82255769863
        0.7688616979        0.7840808713
        0.7696278583       0.75624603458
        0.7700102228       0.76515070776
        0.7761548854       0.62715225763
        0.7765344714       0.72711618935
        0.7788079621       0.70839789096
         0.779149621       0.59879035781
        0.7798069174       0.87494363662
        0.7799097604       0.82642898482
        0.7810141765       0.73001698154
        0.7818511749       0.71577402343
        0.7836327386       0.95545287111
        0.7841691565       0.91958410574
        0.7847274412       0.80002741373
        0.7862860464       0.82003905861
        0.7868628856       0.79744097645
        0.7874352621       0.73247975755
        0.7881234124       0.77763545614
        0.7892340637       0.72004213734
        0.7892748687        1.0149358715
        0.7906654624       0.83032360806
        0.7926795167        0.6421937721
        0.7953146566       0.98585156259
        0.7957295919       0.84084450911
        0.7961745556       0.95511495531
        0.7970724402       0.67732209503
        0.7998146997       0.84597788144
        0.7999261713       0.91325960488
        0.8023727434       0.79272566415
        0.8039494433       0.75338949885
        0.8070826227       0.94226704983
        0.8071936603       0.64539161427
        0.8074495649       0.69450762373
         0.807936963       0.92469875819
        0.8096203433       0.77219901273
         0.810697247       0.81449222592
        0.8113533815       0.67409854173
        0.8119701609       0.91665713266
         0.813871816       0.69535827657
        0.8139785008       0.79534340205
        0.8151529886       0.85332545646
         0.815287526       0.77948076046
        0.8154867492       0.59159353388
        0.8159780034       0.65921164375
        0.8180265257       0.87090146352
        0.8184635977       0.95654037041
        0.8193028347       0.52398850754
         0.821219312       0.72011912524
         0.821581558        0.8376537368
        0.8222426322       0.83074835851
        0.8237055465       0.97401143685
        0.8261632965       0.90939659278
        0.8276799082       0.82954600917
        0.8283492685        0.8201003195
         0.829307354       0.93165104018
        0.8297115026       0.62895719035
        0.8308742478       0.92464344883
        0.8310444574       0.87798505952
        0.8311671521       0.73289649802
        0.8330147645       0.91139020761
        0.8351564772       0.85950513833
         0.835829427       0.69396261885
        0.8368542269       0.91087536592
        0.8369198835       0.83147590579
        0.8370763142        0.8643897503
        0.8378561375       0.95148522053
        0.8381210074       0.86740822359
        0.8396475421       0.90941941359
        0.8412936529       0.91278455165
        0.8423588249       0.89572326358
        0.8428832347       0.96239860471
        0.8429020193         1.124205913
         0.843947405       0.83725143691
        0.8439639599       0.87829406291
        0.8442297079       0.89309468333
        0.8459019493        0.6121899004
        0.8465928296       0.86244683288
        0.8468877266       0.84503533417
        0.8474937629        1.0113918527
        0.8514286586       0.87143717316
         0.851584595       0.85921185514
        0.8516671972       0.88677345636
         0.851804769       0.90357311031
        0.8525500801        1.0040428469
        0.8528977442       0.82632213775
        0.8531107451       0.92226022505
        0.8537620446       0.82950021083
         0.854218772       0.73713311146
        0.8550170508       0.80444963775
        0.8550912762       0.86212964183
        0.8554446856       0.81807645611
        0.8581094857        1.0579734198
        0.8583747987        0.6954178465
        0.8586527174       0.95227893082
        0.8606432102       0.75758303288
        0.8606531113          0.84768527
        0.8608705428       0.95293276732
        0.8611979318        1.0743325771
        0.8612532883       0.96480813305
        0.8625909639        0.9689065964
        0.8634778153       0.93670613444
        0.8634895991       0.83426084021
        0.8643601989       0.99050900592
        0.8674853969       0.95551734444
        0.8686505785       0.88735177641
         0.869917652       0.98571399228
        0.8708752248       0.83129675931
        0.8718070476        1.1274645772
        0.8718981939       0.93595924169
        0.8728135134        1.0536375904
        0.8744720011       0.94648203916
         0.877302925        1.0321223672
        0.8779362024        1.1047097782
        0.8787880414        1.0606210168
        0.8804764112       0.99652077219
        0.8809401396       0.87779579011
        0.8811620113        0.9297464027
          0.88465763       0.89252058265
        0.8864260723        1.1697409384
        0.8886914602       0.88012628557
        0.8904644096        1.0454408048
        0.8913635221       0.88744814075
        0.8934327406        1.0748993489
        0.8941239233        0.9767132939
        0.8952709809        0.8640126541
         0.895583932       0.84153450884
        0.8957337578        1.0638182048
        0.8963624312       0.87588059131
        0.8972034044       0.93904289649
        0.8998976232       0.99805388131
        0.9014164377        0.9486373223
         0.903611392        1.0877037323
        0.9043840715        1.0077296551
        0.9091880316       0.97287357924
        0.9095460148        1.0192910665
        0.9102172711       0.94219448172
        0.9105921025        1.1568686537
        0.9116406276        1.0642322408
        0.9119603815         1.032873843
        0.9126866451       0.92132701961
        0.9190719996        1.0949421955
        0.9195284741        1.0215606454
        0.9203677036        1.1116122326
        0.9211498377       0.90682984133
        0.9212311924       0.94770210247
        0.9213177308       0.90723718193
        0.9215648617        1.0331334933
          0.92381973       0.95553839147
        0.9253869409        1.0222199747
        0.9287655818        1.0388243269
        0.9299634491        1.0525383637
        0.9308479519        1.2697859853
        0.9318187537        1.0600085877
        0.9322198093       0.99152825117
         0.932355138        1.0067791553
         0.932395662        1.0601824184
        0.9334283731        1.0668320759
          0.93366842        1.0640355804
        0.9355209256        1.2855934852
        0.9357300191        1.1433865233
        0.9361620976        1.0569389937
        0.9374729144       0.95960473304
        0.9383801918        1.1027152918
        0.9408926383        1.1606709157
        0.9409272724         1.003868681
        0.9429245707        0.8403252527
        0.9440270486        1.3284898657
        0.9446176687       0.98456340991
        0.9452105676       0.97910753572
        0.9474927849        0.9729091376
        0.9483523103         1.098260344
        0.9488936451        1.0489033723
        0.9504101648        1.0967092801
        0.9534251669        1.1656195265
        0.9537714686       0.94826075776
        0.9540332504        1.4151852719
        0.9549487508         1.053167073
        0.9552475061        1.1101849058
        0.9559415566        1.0495622975
        0.9582700783        1.2639289205
        0.9593357917        1.2340606827
        0.9629383326        1.1333582738
        0.9636969066        1.2378309677
        0.9651769993        1.1503947485
        0.9651864031       0.96068359528
        0.9659664758        1.1933088067
        0.9679034547        1.1124197803
        0.9697880714        1.1286871156
        0.9699315034        1.0598879131
        0.9707577404        1.1696010073
        0.9711780301        1.1213904279
        0.9719974926        1.1889879267
        0.9726220323        1.1021703894
        0.9728809445        1.2419265472
        0.9754035511        1.0971004301
        0.9759803685       0.98266618556
        0.9760620326        1.1987701933
        0.9791635155        1.2068333365
        0.9792021559        1.2247386181
        0.9795157616        1.1129203449
        0.9820639985        1.1090922935
         0.985745681        1.2581652424
        0.9876626852        1.2340400051
        0.9882883069        1.0569824583
        0.9884914156        1.0862362511
        0.9885817873        1.1721305565
        0.9891922151        1.0325531722
        0.9897425237        1.0929606234
        0.9898796148       0.97952075986
        0.9907611745        1.1544526014
        0.9927807648        1.1239382657
        0.9932337632         1.340264286
        0.9945304997        1.1589937345
         0.994899487       0.99533617319
        0.9965553859        1.2157955398
        0.9970343011        1.1093943308
        0.9980308898        1.0150118738
        0.9991591724         1.397865803
        0.9995240664        1.3257221119
        0.9996437388        1.1889030615
        0.9998699485        1.0852978025
