                0.01      0.011484302441
                0.02      0.011484302441
                0.03      0.011484302441
                0.04      0.011484302441
                0.05      0.011484302441
                0.06      0.011484302441
                0.07      0.011484302441
                0.08      0.011484302441
                0.09      0.011484302441
                 0.1      0.011484302441
                0.11      0.011484302441
                0.12      0.011484302441
                0.13      0.011484302441
                0.14      0.011484302441
                0.15      0.019032224038
                0.16      0.019032224038
                0.17      0.019032224038
                0.18      0.019032224038
                0.19      0.019032224038
                 0.2      0.019032224038
                0.21      0.080614788104
                0.22       0.13599205734
                0.23       0.13599205734
                0.24       0.13599205734
                0.25       0.13599205734
                0.26       0.13599205734
                0.27       0.13599205734
                0.28       0.13599205734
                0.29       0.13599205734
                 0.3       0.13599205734
                0.31       0.13599205734
                0.32       0.18159063824
                0.33       0.18159063824
                0.34       0.18159063824
                0.35       0.18159063824
                0.36       0.18159063824
                0.37       0.19146420778
                0.38       0.22838392581
                0.39       0.22838392581
                 0.4       0.27503550089
                0.41       0.27503550089
                0.42       0.27503550089
                0.43       0.27503550089
                0.44       0.31712160986
                0.45       0.33161032015
                0.46       0.33161032015
                0.47       0.33161032015
                0.48       0.35324744308
                0.49       0.35324744308
                 0.5       0.35324744308
                0.51       0.37202352603
                0.52       0.37202352603
                0.53       0.37202352603
                0.54       0.37202352603
                0.55       0.37202352603
                0.56       0.37202352603
                0.57       0.44223404111
                0.58       0.44223404111
                0.59       0.44223404111
                 0.6       0.48157675098
                0.61       0.55731698583
                0.62       0.55731698583
                0.63       0.55731698583
                0.64       0.57964865094
                0.65       0.57964865094
                0.66       0.57964865094
                0.67       0.57964865094
                0.68       0.57964865094
                0.69       0.57964865094
                 0.7       0.59265739923
                0.71       0.59265739923
                0.72       0.59265739923
                0.73       0.65888222671
                0.74       0.65888222671
                0.75       0.65888222671
                0.76       0.71738950251
                0.77       0.72892937625
                0.78       0.72892937625
                0.79       0.79631112256
                 0.8       0.79631112256
                0.81       0.79631112256
                0.82       0.79631112256
                0.83       0.84363780798
                0.84       0.84363780798
                0.85       0.86321588814
                0.86       0.94611301356
                0.87        0.9640043539
                0.88        0.9640043539
                0.89        0.9640043539
                 0.9         1.025779921
                0.91         1.025779921
                0.92         1.025779921
                0.93        1.0636975358
                0.94        1.0636975358
                0.95        1.0735943205
                0.96        1.1531830919
                0.97        1.1531830919
                0.98        1.1531830919
                0.99        1.1531830919
                   1        1.1531830919
