                0.01               0.128
                0.02                0.05
                0.03               0.048
                0.04               0.055
                0.05               0.039
                0.06               0.046
                0.07               0.039
                0.08                0.04
                0.09               0.048
                 0.1               0.044
                0.11               0.046
                0.12               0.038
                0.13               0.039
                0.14               0.029
                0.15               0.041
                0.16               0.053
                0.17               0.039
                0.18               0.036
                0.19               0.045
                 0.2               0.044
                0.21               0.035
                0.22                0.05
                0.23               0.049
                0.24               0.049
                0.25               0.053
                0.26               0.061
                0.27               0.046
                0.28               0.036
                0.29               0.061
                 0.3               0.047
                0.31               0.039
                0.32               0.046
                0.33               0.045
                0.34               0.028
                0.35               0.048
                0.36               0.054
                0.37               0.044
                0.38               0.054
                0.39               0.066
                 0.4               0.046
                0.41               0.063
                0.42               0.062
                0.43                0.04
                0.44               0.036
                0.45               0.052
                0.46               0.037
                0.47               0.038
                0.48               0.055
                0.49                0.05
                 0.5               0.038
                0.51               0.047
                0.52               0.071
                0.53               0.039
                0.54               0.047
                0.55               0.065
                0.56               0.063
                0.57               0.041
                0.58               0.072
                0.59               0.038
                 0.6               0.044
                0.61               0.082
                0.62                0.07
                0.63               0.053
                0.64               0.068
                0.65                0.07
                0.66               0.038
                0.67               0.049
                0.68               0.089
                0.69               0.053
                 0.7               0.053
                0.71               0.093
                0.72               0.047
                0.73               0.055
                0.74               0.085
                0.75               0.071
                0.76               0.045
                0.77               0.077
                0.78               0.061
                0.79               0.052
                 0.8               0.071
                0.81               0.078
                0.82                0.05
                0.83               0.059
                0.84               0.115
                0.85               0.044
                0.86               0.065
                0.87               0.106
                0.88               0.058
                0.89               0.054
                 0.9               0.093
                0.91               0.068
                0.92               0.045
                0.93               0.081
                0.94               0.094
                0.95               0.053
                0.96               0.067
                0.97               0.096
                0.98               0.052
                0.99               0.078
