                   0      -0.05045937885
                0.01     -0.047608847059
                0.02     -0.044541444599
                0.03     -0.041257171471
                0.04     -0.037756027674
                0.05     -0.034038013209
                0.06     -0.030103128074
                0.07     -0.025951372271
                0.08       -0.0215827458
                0.09     -0.016997248659
                 0.1      -0.01219488085
                0.11    -0.0071756423723
                0.12    -0.0019395332258
                0.13     0.0035134465893
                0.14     0.0091832970732
                0.15      0.015070018226
                0.16      0.021173610047
                0.17      0.027494072537
                0.18      0.034031405696
                0.19      0.040785609523
                 0.2      0.047756684019
                0.21      0.054944629184
                0.22      0.062349445017
                0.23      0.069971131519
                0.24       0.07780968869
                0.25       0.08586511653
                0.26      0.094137415038
                0.27       0.10262658421
                0.28       0.11133262406
                0.29       0.12025553457
                 0.3       0.12939531576
                0.31       0.13875196761
                0.32       0.14832549013
                0.33       0.15811588332
                0.34       0.16812314718
                0.35        0.1783472817
                0.36        0.1887882869
                0.37       0.19944616276
                0.38       0.21032090929
                0.39        0.2214125265
                 0.4       0.23272099805
                0.41       0.24424229831
                0.42       0.25596328558
                0.43       0.26786993905
                0.44       0.27994879847
                0.45       0.29218725899
                0.46       0.30457346145
                0.47       0.31709601246
                0.48       0.32974428591
                0.49       0.34250987515
                 0.5       0.35538718314
                0.51       0.36837294603
                0.52       0.38146567942
                0.53       0.39466534289
                0.54       0.40797295382
                0.55       0.42139030698
                0.56       0.43491991156
                0.57       0.44856477169
                0.58       0.46232845289
                0.59        0.4762149167
                 0.6       0.49022813813
                0.61       0.50437144123
                0.62       0.51864575989
                0.63       0.53305109773
                0.64       0.54758745473
                0.65        0.5622548309
                0.66       0.57705322625
                0.67       0.59198264076
                0.68       0.60704307445
                0.69        0.6222345273
                 0.7       0.63755699933
                0.71       0.65301049052
                0.72       0.66859500089
                0.73       0.68431053043
                0.74       0.70015707913
                0.75       0.71613464701
                0.76       0.73224323406
                0.77       0.74848284028
                0.78       0.76485346567
                0.79       0.78135511023
                 0.8       0.79798777396
                0.81       0.81475145686
                0.82       0.83164615893
                0.83       0.84867188017
                0.84       0.86582862058
                0.85       0.88311638016
                0.86       0.90053515892
                0.87       0.91808495684
                0.88       0.93576577393
                0.89        0.9535776102
                 0.9       0.97152046563
                0.91       0.98959434024
                0.92         1.007799234
                0.93         1.026135147
                0.94        1.0446020791
                0.95        1.0632000304
                0.96        1.0819290008
                0.97        1.1007889904
                0.98        1.1197799992
                0.99        1.1389020272
                   1        1.1581550743
